1.000000
1.000000
0.000000
0.000000
0.000000
1.000000
0.000000
0.000000
1.000000
1.000000
0.000000
0.000000
1.000000
1.000000
1.000000
1.000000
0.000000
0.000000
0.000004
0.000000
0.000000
1.000000
0.000000
1.000000
0.000000
0.000000
0.000000
1.000000
1.000000
0.000000
1.000000
0.000000
0.000000
0.000000
1.000000
0.999960
0.000000
0.000000
0.000000
0.000000
1.000000
0.000003
0.000000
1.000000
1.000000
0.000000
1.000000
1.000000
1.000000
1.000000
1.000000
1.000000
0.000000
0.000000
1.000000
0.000000
0.000000
0.000000
1.000000
0.000000
1.000000
1.000000
1.000000
0.000000
1.000000
0.000000
1.000000
1.000000
0.000000
0.000000
1.000000
0.000000
1.000000
0.000000
0.000000
0.000000
1.000000
1.000000
0.000000
0.000000
0.000000
0.000000
0.000000
0.000000
0.000000
1.000000
1.000000
1.000000
0.000000
0.000000
0.000000
1.000000
0.000000
1.000000
1.000000
0.000000
1.000000
1.000000
1.000000
1.000000
0.000000
0.000000
1.000000
0.000000
0.997792
0.000000
0.000000
0.000000
0.000000
0.000000
0.000000
1.000000
1.000000
0.000000
1.000000
1.000000
1.000000
1.000000
1.000000
1.000000
0.000000
0.000000
1.000000
1.000000
1.000000
0.000000
0.000000
1.000000
0.000000
1.000000
1.000000
1.000000
0.999999
0.000000
0.000000
0.000000
0.000000
0.000000
1.000000
0.000022
1.000000
1.000000
0.000000
1.000000
1.000000
1.000000
0.000000
1.000000
1.000000
1.000000
0.000000
1.000000
0.000000
0.000000
0.000000
1.000000
1.000000
1.000000
1.000000
1.000000
0.000000
1.000000
1.000000
0.000000
1.000000
1.000000
0.000000
1.000000
1.000000
1.000000
1.000000
1.000000
1.000000
0.000000
1.000000
0.983120
1.000000
0.000000
0.000000
0.000000
1.000000
0.000000
0.000000
1.000000
0.000000
1.000000
0.000000
0.000000
0.000000
0.000000
1.000000
0.000000
0.000000
1.000000
0.000000
0.000000
0.000000
0.000000
0.000000
0.000000
1.000000
0.000000
0.000000
0.999801
1.000000
0.000000
0.000000
1.000000
0.000000
0.000000
0.000000
0.000000
0.000000
0.000000
1.000000
0.000000
0.000000
1.000000
1.000000
0.000000
1.000000
0.000000
0.000000
1.000000
0.000000
0.000000
0.000000
0.000020
1.000000
1.000000
0.000000
1.000000
1.000000
1.000000
0.000000
0.000000
1.000000
1.000000
0.000000
1.000000
1.000000
0.000000
1.000000
0.000000
0.000000
1.000000
1.000000
0.000000
0.000000
1.000000
0.999999
0.000000
0.000000
1.000000
0.000010
0.000000
0.000000
1.000000
1.000000
0.000000
0.000000
1.000000
1.000000
1.000000
1.000000
0.000000
0.000000
0.999997
1.000000
0.000000
1.000000
0.000000
0.000000
1.000000
1.000000
1.000000
1.000000
1.000000
0.000000
1.000000
0.000000
1.000000
1.000000
0.000000
1.000000
0.000000
1.000000
0.000000
1.000000
1.000000
1.000000
1.000000
0.000000
0.000000
0.000000
0.000000
0.000000
0.000000
0.000000
1.000000
0.000000
1.000000
1.000000
0.000000
1.000000
0.000000
0.000000
0.000000
0.000000
1.000000
0.000000
1.000000
1.000000
1.000000
0.000000
0.000000
0.000000
0.000000
1.000000
1.000000
0.000000
1.000000
0.000000
0.000000
1.000000
0.998781
1.000000
1.000000
1.000000
1.000000
1.000000
1.000000
0.999891
1.000000
1.000000
0.000000
0.000000
0.000000
0.000000
0.000000
0.000000
1.000000
0.000000
1.000000
1.000000
0.000000
0.000000
1.000000
0.000005
0.000000
1.000000
0.000000
1.000000
0.000001
0.000000
0.000000
1.000000
1.000000
0.000000
0.000000
0.000000
1.000000
0.000000
1.000000
0.000000
0.000000
1.000000
0.000000
1.000000
1.000000
0.000000
0.000000
1.000000
0.000000
0.000000
0.000000
0.000901
1.000000
0.000000
1.000000
1.000000
1.000000
1.000000
1.000000
0.000000
0.000000
0.003834
1.000000
1.000000
0.000000
0.000000
1.000000
0.000000
1.000000
1.000000
1.000000
0.000000
0.000000
0.000000
0.000000
1.000000
0.000000
1.000000
0.000000
0.999999
1.000000
1.000000
0.000000
0.000000
1.000000
1.000000
1.000000
0.999999
0.000122
1.000000
1.000000
1.000000
1.000000
0.000000
1.000000
1.000000
1.000000
0.000000
0.000000
0.000000
0.000000
1.000000
1.000000
0.000000
0.000000
1.000000
0.000000
1.000000
1.000000
1.000000
0.000000
0.000000
0.000000
0.000000
1.000000
1.000000
0.000000
1.000000
1.000000
0.000000
0.000000
1.000000
0.000000
0.000000
1.000000
0.000000
0.000000
1.000000
1.000000
1.000000
0.000000
0.000000
1.000000
0.000000
0.000000
1.000000
1.000000
0.000000
1.000000
1.000000
1.000000
0.000000
1.000000
1.000000
0.000000
1.000000
1.000000
0.000000
1.000000
0.000000
1.000000
0.000000
1.000000
1.000000
1.000000
0.000000
0.000000
1.000000
1.000000
0.000000
1.000000
0.000000
0.000000
0.000000
0.000000
1.000000
1.000000
1.000000
0.000000
0.000000
0.000000
1.000000
1.000000
1.000000
0.000000
1.000000
0.000000
0.996759
1.000000
0.000000
1.000000
0.000000
1.000000
0.000000
0.000000
1.000000
0.000000
0.000000
1.000000
1.000000
1.000000
0.000000
0.000000
1.000000
1.000000
0.000000
1.000000
1.000000
1.000000
0.000000
1.000000
1.000000
1.000000
0.000000
0.000000
1.000000
1.000000
1.000000
0.000000
1.000000
0.000000
1.000000
0.000000
1.000000
1.000000
1.000000
0.000000
0.000000
0.000000
0.000000
0.000000
0.000000
1.000000
0.000000
0.000000
1.000000
0.000000
1.000000
1.000000
1.000000
1.000000
1.000000
1.000000
1.000000
1.000000
1.000000
0.000000
0.000000
0.000000
0.000000
1.000000
0.000000
1.000000
1.000000
1.000000
1.000000
1.000000
0.000000
1.000000
1.000000
1.000000
0.000000
1.000000
1.000000
0.000000
1.000000
0.000000
0.000000
1.000000
0.000000
1.000000
1.000000
1.000000
0.000000
0.000000
0.000000
0.000000
1.000000
0.000000
0.000000
1.000000
1.000000
1.000000
0.000000
1.000000
0.000000
0.000000
1.000000
1.000000
1.000000
0.000000
0.000043
1.000000
1.000000
0.000000
1.000000
1.000000
1.000000
1.000000
1.000000
0.000000
0.000000
1.000000
1.000000
0.000000
1.000000
0.000000
0.000001
0.000000
1.000000
1.000000
0.000000
1.000000
1.000000
0.000000
0.000000
0.000000
0.000000
1.000000
0.999998
0.000000
0.000000
1.000000
0.000000
0.000000
0.000000
0.009652
0.000000
1.000000
0.000000
0.000000
1.000000
1.000000
1.000000
1.000000
1.000000
0.000000
1.000000
0.000000
0.000000
0.000000
0.000000
0.000000
0.000000
1.000000
1.000000
0.000000
1.000000
0.999986
1.000000
0.000000
1.000000
1.000000
0.000000
1.000000
1.000000
0.000000
0.000000
0.000000
1.000000
0.000000
0.000000
0.000000
1.000000
0.000000
0.000000
0.000000
0.000000
0.000000
0.000000
1.000000
1.000000
0.000000
0.000000
1.000000
0.000000
0.000000
0.000000
1.000000
0.000000
0.000000
0.000000
1.000000
0.000000
0.000000
1.000000
1.000000
0.000001
0.026272
0.999764
0.915462
0.000901
0.994456
0.999693
0.999746
1.000000
1.000000
0.000037
0.000001
0.000000
0.000002
0.000000
0.000321
1.000000
0.000303
0.000022
0.999985
0.997339
0.999637
0.000000
0.000002
1.000000
0.000000
0.994883
0.132945
0.000023
0.000003
0.998318
0.999753
0.000031
0.013599
0.002110
0.000002
0.000002
0.000000
0.999997
0.999979
0.000000
0.999986
0.000000
0.994124
0.000000
0.376595
0.000000
0.999980
0.000377
0.000018
1.000000
0.983291
0.000001
1.000000
1.000000
0.000000
0.893838
0.827071
0.997948
1.000000
0.000000
0.999976
0.998687
0.996907
0.218025
0.999721
0.776053
1.000000
0.000000
0.000000
0.987385
0.999668
0.000000
1.000000
1.000000
0.997662
1.000000
1.000000
0.999998
0.002651
1.000000
0.997354
0.000000
1.000000
0.995148
0.000000
0.000005
0.000014
0.000000
0.000023
1.000000
0.000001
0.999998
0.008307
0.013297
0.000000
0.999667
0.000000
0.000000
0.987713
0.006311
0.000000
0.000002
1.000000
0.002341
0.000002
0.000000
0.999633
0.997529
0.000000
0.000230
0.000056
0.987770
0.000000
0.000027
0.998952
0.999979
0.999974
0.999728
1.000000
0.000347
0.000000
0.014137
0.000330
0.000357
0.000002
0.004535
0.000000
0.998281
1.000000
0.992348
1.000000
0.000377
1.000000
1.000000
1.000000
0.999998
0.000003
0.970637
0.999999
0.000000
0.025815
0.005085
0.000043
1.000000
0.000000
0.000000
0.999999
1.000000
0.999987
0.999977
0.999545
0.997657
0.000000
0.012502
0.999999
1.000000
1.000000
0.991272
0.000000
0.999972
0.999975
0.000208
0.000000
1.000000
0.999998
1.000000
0.929425
0.000000
1.000000
0.000000
0.999807
0.970410
0.999967
0.000001
0.995037
0.999982
0.132109
0.004155
0.000003
0.996226
0.000000
0.000002
0.000000
1.000000
1.000000
1.000000
0.030120
0.000281
0.063372
0.000000
1.000000
0.999999
0.999977
0.999560
0.000257
1.000000
1.000000
0.000001
0.000003
0.999766
0.999976
0.009620
1.000000
0.000002
0.999960
0.000015
1.000000
1.000000
0.999977
0.008673
0.999998
0.000120
0.999998
0.985349
0.999998
0.999972
0.000000
0.000002
1.000000
0.057065
0.000299
0.997296
0.993078
0.999697
0.005801
0.008182
0.000294
0.999906
0.568264
0.999985
1.000000
1.000000
0.863502
0.000000
0.160300
0.993520
0.000000
0.954431
1.000000
0.783160
0.000000
0.000000
1.000000
0.999978
0.000000
0.000002
0.999979
0.999999
1.000000
0.000113
0.000179
0.000000
0.999998
0.511418
0.000017
0.005788
0.000002
0.000000
0.002025
0.993046
0.000017
0.999997
0.007106
0.000403
0.999999
0.002016
0.000001
0.000146
0.105640
0.000000
0.000001
0.000294
1.000000
0.000000
0.000000
1.000000
0.000000
0.999997
0.000029
0.995308
0.016273
1.000000
0.999979
0.000029
0.000398
0.541687
0.001724
0.000288
0.024867
0.000004
0.000028
1.000000
0.000000
0.000002
0.999999
0.999984
0.000331
